0 0.430660 0.447836 0.257075 0.368479
0 0.575118 0.364595 0.038915 0.193119
0 0.701297 0.316870 0.137972 0.275250
0 0.684788 0.509989 0.055425 0.097669
0 0.145873 0.352386 0.109670 0.208657
0 0.217807 0.405660 0.029481 0.088790
0 0.438915 0.758602 0.198113 0.244173
0 0.791509 0.718646 0.037736 0.048835
0 0.692453 0.748613 0.103774 0.064373
0 0.634670 0.849612 0.106132 0.128746
0 0.592217 0.814095 0.110849 0.075472
0 0.632311 0.757492 0.018868 0.042175
0 0.724882 0.586570 0.022406 0.042175
0 0.667689 0.607658 0.040094 0.053274
0 0.634670 0.655383 0.037736 0.068812
0 0.354599 0.223640 0.112028 0.066593
0 0.282665 0.400111 0.038915 0.219756
0 0.796816 0.626526 0.034198 0.144284
0 0.447170 0.245838 0.084906 0.044395
0 0.114033 0.234739 0.071934 0.039956
0 0.070991 0.294673 0.047170 0.084351
0 0.028538 0.280244 0.028302 0.068812