0 0.292099 0.401221 0.145047 0.208657
0 0.392925 0.387902 0.068396 0.159822
0 0.458373 0.391232 0.050708 0.104329
0 0.384080 0.254717 0.041274 0.057714
0 0.167099 0.226970 0.053066 0.037736
0 0.171816 0.383463 0.088443 0.146504
0 0.267925 0.188124 0.054245 0.084351
0 0.244929 0.271365 0.076651 0.046615
0 0.239033 0.788568 0.163915 0.126526
0 0.128184 0.912875 0.095519 0.166482
0 0.040330 0.949501 0.080189 0.093230
0 0.277948 0.549945 0.178066 0.084351
0 0.317453 0.656493 0.332547 0.159822
0 0.132311 0.662042 0.037736 0.086570
0 0.444811 0.549945 0.077830 0.088790
0 0.838679 0.557714 0.132075 0.197558
0 0.677123 0.567703 0.115566 0.297447
0 0.598703 0.617647 0.041274 0.237514
0 0.548585 0.644284 0.058962 0.108768
0 0.494929 0.673141 0.027123 0.091010
0 0.754363 0.562153 0.038915 0.184240
0 0.538561 0.783019 0.029481 0.048835
0 0.560967 0.766371 0.015330 0.028857
0 0.407075 0.206992 0.047170 0.046615
0 0.252594 0.882908 0.165094 0.079911