0 0.494929 0.591010 0.008255 0.011099
0 0.474882 0.515538 0.307783 0.370699
0 0.481958 0.765261 0.260613 0.124306
0 0.664151 0.847392 0.084906 0.190899
0 0.764976 0.729745 0.086085 0.182020
0 0.833962 0.657603 0.047170 0.201998
0 0.886439 0.652053 0.055425 0.142064
0 0.504363 0.285794 0.218160 0.088790
0 0.050943 0.608768 0.047170 0.077691
0 0.167689 0.561043 0.028302 0.039956
0 0.150590 0.628746 0.057783 0.099889
0 0.140566 0.798557 0.068396 0.190899
0 0.427123 0.154828 0.051887 0.093230
0 0.851651 0.548835 0.068396 0.073252