0 0.197656 0.244531 0.023438 0.029687
0 0.407813 0.237500 0.034375 0.015625
0 0.366406 0.275000 0.017188 0.015625
0 0.193750 0.310937 0.028125 0.025000
0 0.361719 0.365625 0.017188 0.015625
0 0.416406 0.441406 0.026562 0.035937
0 0.309375 0.456250 0.046875 0.028125
0 0.469531 0.537500 0.089063 0.140625
0 0.354687 0.509375 0.015625 0.015625
0 0.316406 0.533594 0.020313 0.017188
0 0.258594 0.563281 0.014063 0.014063
0 0.188281 0.592969 0.014063 0.014063
0 0.333594 0.618750 0.020313 0.015625
0 0.655469 0.657031 0.048438 0.067187
0 0.600000 0.707031 0.034375 0.042188
0 0.357031 0.725000 0.039062 0.043750
0 0.783594 0.734375 0.035937 0.018750
0 0.689844 0.758594 0.029687 0.045312
0 0.321094 0.760938 0.089063 0.037500
0 0.408594 0.774219 0.014063 0.014063
