0 0.518750 0.279687 0.018750 0.015625
0 0.316406 0.312500 0.017188 0.015625
0 0.235937 0.346094 0.015625 0.020313
0 0.589844 0.364844 0.014063 0.017188
0 0.442969 0.460938 0.110937 0.056250
0 0.628906 0.452344 0.014063 0.014063
0 0.829688 0.471875 0.031250 0.028125
0 0.389844 0.513281 0.014063 0.014063
0 0.438281 0.553906 0.014063 0.014063
0 0.331250 0.590625 0.028125 0.018750
0 0.366406 0.604688 0.020313 0.021875
0 0.215625 0.628906 0.025000 0.035937
0 0.550781 0.642969 0.014063 0.014063
0 0.253906 0.647656 0.017188 0.017188
0 0.471875 0.699219 0.140625 0.117188
0 0.856250 0.688281 0.034375 0.023438
0 0.617969 0.724219 0.110937 0.070312
0 0.696875 0.772656 0.015625 0.014063
