0 0.464062 0.251563 0.053125 0.031250
0 0.217969 0.263281 0.014063 0.014063
0 0.261719 0.344531 0.017188 0.017188
0 0.360156 0.412500 0.020313 0.021875
0 0.571094 0.432812 0.020313 0.031250
0 0.766406 0.435156 0.057813 0.039062
0 0.439063 0.510156 0.181250 0.139063
0 0.778125 0.507812 0.078125 0.071875
0 0.471875 0.496094 0.015625 0.014063
0 0.721875 0.543750 0.018750 0.031250
0 0.803906 0.571875 0.039062 0.021875
0 0.933594 0.589844 0.014063 0.014063
0 0.705469 0.662500 0.204687 0.125000
0 0.831250 0.658594 0.028125 0.029687
0 0.636719 0.690625 0.017188 0.018750
0 0.900781 0.738281 0.160938 0.085938
